,이상,주체,정신,담론,이데올로기,타자,이미지,존재,형식,역사,시간,도시,식민지,공간,인식,국문,의식,부정,자아,죽음,세계,기억,현실,소외,확장,지향,생명,의미,구조,윤리,1960년대,소설,구성,방식,사회,여성,모색,감각,언어,형성,근대,정체성,발견,체험,재현,민중,공동체,사상,자유,개념,상상력,미학,자연,시학,추구,비판,민족,배경,욕망,수용,시대,저항,의지,폭력,극복,현실 인식,현대,표상,대응,영화,정치,문화,작품,형상화,시각,전통,해체,1930년대,작가,조선,비교,대중,가족,고향,변화,인물,권력,서사,텍스트,1970년대,전략,관계,실천,사랑,비평,1980년대,서술,전쟁,인간,글쓰기
이상,0.9999999999999998,0.0,0.0884831102627301,0.0,0.0,0.0,0.0,0.0,0.014937861263526649,0.0,0.03175300417355395,0.0,0.10947190606960346,0.0,0.0,0.0,0.0,0.1164384316726358,0.036132444736730156,0.2047477048442163,0.02540926489447163,0.0,0.0,0.08358876053621306,0.0,0.0,0.017549579208194395,0.0,0.0,0.02160385239971124,0.0,0.020737459784404118,0.1921465465923804,0.17752130891041273,0.0,0.0,0.0,0.0,0.0,0.0,0.0,0.0,0.0,0.0,0.0,0.0,0.0,0.009130002475903405,0.0,0.0,0.0,0.0,0.0,0.0,0.04409408023643963,0.0,0.0,0.059066675102435566,0.0,0.0,0.03375888412451701,0.0,0.0,0.0,0.0,0.08039680390977039,0.0,0.0,0.013378861765690078,0.0,0.0,0.00992689991585036,0.0,0.0,0.018782809228866968,0.0,0.0,0.0,0.0,0.18450298544117,0.0,0.002746802373217519,0.0,0.06387013215271983,0.0,0.0,0.07718942397246213,0.0,0.018876377369880928,0.0,0.0,0.0,0.0,0.0,0.0,0.05439047208556751,0.0,0.0,0.0,0.0
주체,0.0,1.0,0.0,0.0,0.0,0.0,0.0,0.0,0.0,0.04015330316758159,0.0,0.0,0.0,0.0,0.05036921984726542,0.0,0.0,0.01437411693043584,0.05066780050226185,0.029245265121103477,0.11631811595713404,0.0,0.0,0.05398446087070878,0.0,0.05087942393676244,0.0,0.0,0.0,0.03402795856107157,0.0,0.0,0.10350881932566998,0.0,0.10955924011175523,0.0,0.0,0.0,0.0,0.0,0.0,0.04907379938725717,0.0,0.0,0.0,0.0,0.0,0.0,0.0,0.0,0.0,0.0,0.0,0.0,0.13190915175716292,0.0,0.0,0.13521692480468908,0.007563118717652739,0.0,0.0,0.0,0.0,0.0,0.0,0.06323613924691447,0.0,0.0,0.0,0.0,0.0,0.0030084647278716113,0.0,0.0,0.0,0.0,0.0,0.0,0.0,0.0,0.0,0.006443294746353774,0.0,0.0,0.0,0.0,0.010953184338412357,0.0,0.0,0.0,0.05792153433719799,0.03154017622540467,0.11456331372948106,0.0,0.0,0.015201914316934802,0.0,0.0,0.0,0.0
정신,0.0884831102627301,0.0,0.9999999999999998,0.01713227426281675,0.0,0.0,0.0,0.0,0.009220365592210435,0.0,0.0,0.0,0.0,0.0,0.0,0.0,0.0,0.0,0.01503405172699368,0.05386587170845045,0.0,0.0,0.0,0.0385230921854105,0.14613966622827307,0.0,0.0,0.04036414846574679,0.0,0.0,0.0,0.0,0.0058865143841808475,0.0,0.0,0.0,0.0,0.0,0.0,0.0,0.0,0.004352091933493938,0.0,0.0,0.0,0.0,0.0,0.09324651042391419,0.0,0.0,0.0,0.006366579675029427,0.0,0.0,0.0,0.0,0.0,0.09696508859766387,0.0,0.0,0.0,0.08487068204340237,0.0119166988547793,0.0,0.0,0.0,0.005441601207461828,0.0,0.0,0.0,0.0,0.0,0.0,0.017472814212870016,0.0,0.0,0.0,0.0,0.0,0.05826551981804173,0.0,0.006831896519207851,0.0,0.0,0.0,0.0,0.03744623121893093,0.0,0.0,0.0,0.0,0.005371428388949948,0.13198570510717897,0.01815067959158817,0.08745657691402814,0.0,0.0,0.0,0.0,0.0
담론,0.0,0.0,0.01713227426281675,1.0000000000000002,0.0,0.0,0.0,0.0,0.08385848526571245,0.0,0.0,0.0,0.0,0.0,0.0,0.05338072447134156,0.11052027100037008,0.015253686253051624,0.0,0.027920814039302834,0.06171787995544024,0.0,0.0,0.11893943355723152,0.0,0.0,0.0,0.0,0.0,0.0,0.0,0.0,0.008981742904836944,0.0,0.0,0.0,0.0,0.0,0.0,0.0,0.0,0.0,0.1869546425672361,0.0,0.0,0.0,0.019527763489282392,0.06424928664624976,0.0,0.0,0.0,0.04375147849866453,0.0,0.0,0.0,0.0,0.0,0.0,0.11040789945735169,0.0,0.0,0.05332210368057943,0.0,0.0,0.0,0.0,0.0,0.0,0.0,0.0,0.0,0.0,0.0,0.0,0.0,0.11910135915677797,0.0,0.0,0.0,0.0,0.10474726597543069,0.021950693619941057,0.0,0.0,0.0,0.0,0.0,0.0,0.11423835148306288,0.0,0.0,0.0,0.0,0.0,0.0,0.0,0.0,0.0,0.0,0.07422652557365472
이데올로기,0.0,0.0,0.0,0.0,1.0,0.0,0.0,0.17973208661266563,0.0119386564028851,0.21536702340970676,0.0,0.0,0.0,0.0,0.0,0.12157834605046065,0.06688128492356432,0.19801826210326812,0.0,0.06247968078802329,0.08283413542638449,0.0,0.0,0.019419816440584523,0.0,0.0,0.0,0.0,0.0,0.0,0.0,0.0,0.0,0.0,0.0,0.0,0.0,0.0,0.0,0.0,0.0,0.0,0.0,0.0,0.0,0.09034858681613678,0.03909623917080069,0.014059868639700638,0.0,0.0,0.0,0.0,0.0,0.0,0.0,0.0,0.0,0.0,0.27801102943689476,0.0,0.022106282239891365,0.0,0.0,0.0,0.0,0.0,0.0,0.0,0.0,0.0,0.0,0.0,0.0,0.23360488950077368,0.0,0.0,0.0,0.1893354219603734,0.0,0.0,0.0,0.07053300982104292,0.0,0.0,0.0,0.0,0.0,0.0,0.0,0.0,0.0,0.0,0.20797614915554097,0.0,0.0,0.02759727784144034,0.0,0.0,0.0,0.0
타자,0.0,0.0,0.0,0.0,0.0,1.0000000000000002,0.10887879224198488,0.0,0.0,0.0,0.0,0.0,0.0,0.0,0.0,0.04276825081809621,0.0,0.0,0.0,0.07365719349936015,0.0,0.0,0.0,0.0,0.0,0.0,0.0,0.0,0.0,0.0,0.0,0.05257159915069097,0.0,0.0,0.0,0.0,0.0,0.0,0.0,0.0,0.0,0.033367581717966416,0.0,0.0,0.0,0.0,0.04355118316630971,0.0,0.0,0.0,0.0,0.0,0.0,0.0,0.029213935711488326,0.0,0.0,0.0,0.0,0.0,0.0,0.0,0.0,0.0,0.0,0.0,0.0,0.0,0.0,0.07145329835606065,0.0,0.0,0.0,0.0,0.0,0.08032801229424763,0.0,0.0,0.0,0.0,0.14252923961703454,0.0,0.0,0.0,0.0,0.0,0.0,0.0,0.0,0.0,0.048042364169838925,0.0,0.0,0.0,0.0,0.09026046132811005,0.0,0.0,0.0,0.0
이미지,0.0,0.0,0.0,0.0,0.0,0.10887879224198488,1.0000000000000002,0.0,0.0,0.0,0.0,0.0,0.0,0.0,0.0,0.03659799445701559,0.0,0.0,0.024889382986425408,0.07832024429258812,0.0,0.26193812627211,0.0,0.018505926732271083,0.0,0.0,0.0,0.0,0.0,0.0,0.0,0.0,0.0,0.0,0.0,0.048760252085788866,0.0,0.013339574495815104,0.0,0.0,0.0,0.005636509360868478,0.0,0.19131666434942218,0.0,0.0,0.05175072173667032,0.0,0.0,0.0,0.0,0.0,0.0,0.022156084269398107,0.0,0.0,0.0,0.0,0.0,0.015300399696755234,0.0,0.0,0.0,0.0,0.0,0.0,0.0,0.0,0.0,0.0,0.0,0.0,0.0,0.0,0.0,0.0,0.04846503802305942,0.0,0.0,0.0,0.0,0.0,0.0,0.0,0.0,0.0,0.0,0.0,0.0,0.08196440985285182,0.0,0.0715904228973625,0.0,0.0,0.0,0.0,0.0,0.0,0.0,0.0
존재,0.0,0.0,0.0,0.0,0.17973208661266563,0.0,0.0,1.0,0.20001057271680406,0.0,0.0,0.0,0.0,0.0,0.0,0.07428398271328085,0.0,0.10180251437564626,0.07377658020114335,0.0,0.0,0.0,0.0,0.0,0.0,0.0,0.0,0.0,0.0,0.0,0.0,0.0,0.08599595118429634,0.0,0.0,0.0,0.0,0.0,0.0,0.0,0.0,0.0,0.0,0.0,0.0,0.08743133964483885,0.0,0.0,0.0,0.0,0.4019825764840719,0.0,0.0,0.0,0.0,0.0,0.0664878874091933,0.0,0.0,0.0,0.0,0.0,0.0,0.0,0.0,0.0,0.0,0.0,0.0,0.0,0.0,0.0,0.0,0.0,0.0,0.0,0.0,0.0,0.0,0.0,0.0,0.0,0.0,0.0,0.0,0.0,0.0,0.0,0.0,0.0,0.0,0.0,0.0,0.0,0.0,0.0,0.0,0.0,0.0,0.0
형식,0.014937861263526649,0.0,0.009220365592210435,0.08385848526571245,0.0119386564028851,0.0,0.0,0.20001057271680406,1.0,0.006296615748497405,0.0,0.0,0.008651088500412659,0.0,0.0,0.03156793033431723,0.0,0.061312298656664634,0.03654707511992963,0.07646686981210277,0.012866943676787358,0.013492486086369765,0.0,0.07272668728813055,0.0,0.03242563813270774,0.019982502758062657,0.007433856659733094,0.007170592174581224,0.0059481541912936526,0.015705827131423107,0.0,0.02418166600016616,0.0070880780481366885,0.03298078473689328,0.049062230000417456,0.021807079024004025,0.0,0.06952505342877224,0.0,0.06076805726783134,0.05709408387041251,0.025984202716871393,0.020468970577883987,0.0,0.09117452972007295,0.04314552038358354,0.08531998792799941,0.0,0.025910276756196487,0.08168834207733602,0.05902551544023509,0.0,0.0,0.06810507316650016,0.0,0.025022184873280024,0.02362943135082561,0.0,0.014317730481164623,0.026301930049847055,0.12558447301360742,0.06564841104564659,0.018002082769903074,0.0,0.0,0.0,0.18574124662637978,0.03483537596201212,0.022504223512200747,0.02651416205748039,0.050147907680779064,0.025493339819540457,0.0,0.0,0.07208124863184996,0.005543694794831725,0.0,0.0,0.00987623609070307,0.02829621993184517,0.017740088129456263,0.006201384533231167,0.0015098480283674191,0.0,0.0,0.046259014064756875,0.0,0.09325742414462945,0.0101435345890228,0.059048338136887375,0.03725771139003589,0.0,0.0052999797310787555,0.005730877661820564,0.11730158842074823,0.0,0.0,0.012068353014959276,0.0
역사,0.0,0.04015330316758159,0.0,0.0,0.21536702340970676,0.0,0.0,0.0,0.006296615748497405,1.0000000000000002,0.0,0.0,0.0,0.0,0.0,0.0,0.0,0.007297668159249229,0.02123180402243613,0.017457764794397257,0.0590541328745472,0.0,0.0,0.031274678941532734,0.0,0.0,0.0,0.0,0.0,0.03658051584735143,0.0,0.0,0.0,0.0,0.0,0.0,0.0,0.11410812794180891,0.0,0.0,0.0,0.02491452553050243,0.0,0.0,0.0,0.050143627034697894,0.0057193566996222335,0.07425794052910085,0.0,0.06278956607172674,0.0,0.0,0.0,0.0,0.0,0.0,0.0,0.0,0.0,0.0,0.09327332000863389,0.0,0.07021181856961335,0.0,0.0,0.0,0.0,0.0,0.0,0.0,0.0,0.0,0.0,0.0,0.0,0.0,0.0,0.0,0.0,0.0,0.0,0.0,0.0,0.0,0.0,0.0,0.0,0.0,0.0,0.0,0.0,0.007585787048342185,0.0,0.0,0.05165351301827448,0.0,0.0,0.0,0.0,0.0
시간,0.03175300417355395,0.0,0.0,0.0,0.0,0.0,0.0,0.0,0.0,0.0,1.0,0.0,0.0,0.0,0.0,0.0,0.0,0.0,0.0,0.0,0.0,0.0,0.0,0.043058426709661965,0.0,0.0,0.0,0.0,0.0,0.0,0.0,0.0,0.1339544504243759,0.199642565670225,0.0,0.0,0.0,0.0,0.0,0.0,0.0,0.0,0.0,0.0,0.0,0.0,0.10220607044492384,0.014637111685964693,0.0,0.0,0.0,0.0,0.0,0.0,0.0,0.0,0.04714459094951422,0.0,0.0,0.0,0.0,0.0,0.021283169236982202,0.0,0.0,0.0,0.0,0.0,0.0,0.0,0.0,0.0,0.0,0.38946331901885717,0.0,0.0,0.0,0.0,0.0,0.0,0.0,0.026196489770313847,0.0,0.0,0.0,0.0,0.0,0.0,0.0,0.018605145236857468,0.0,0.0,0.0,0.0,0.15127510282977163,0.0,0.0,0.0,0.0,0.0
도시,0.0,0.0,0.0,0.0,0.0,0.0,0.0,0.0,0.0,0.0,0.0,1.0000000000000004,0.0,0.0,0.0,0.0,0.0,0.0,0.12127779006542888,0.0,0.0,0.13472707353637678,0.0,0.04434262274004501,0.0,0.022057344942550985,0.0,0.0,0.0,0.0,0.0,0.0,0.03699245717632499,0.0,0.0,0.0,0.19540246413700837,0.04127463231120819,0.0,0.0,0.0,0.017440200319846402,0.0,0.0,0.0,0.0,0.0,0.04766739197575311,0.0,0.0,0.0,0.0,0.0,0.0,0.0,0.0,0.0,0.0,0.0,0.0,0.0,0.019307151756398702,0.0,0.0,0.0,0.0,0.0,0.0,0.0,0.0,0.0,0.0,0.0,0.0,0.0,0.0,0.0,0.0,0.0,0.0,0.0,0.005837350422732071,0.0,0.0,0.0,0.0,0.019846236357346714,0.0,0.0,0.0,0.0683634986322181,0.025805082228228436,0.0,0.0,0.0,0.0,0.0,0.0,0.0,0.0
식민지,0.10947190606960346,0.0,0.0,0.0,0.0,0.0,0.0,0.0,0.008651088500412659,0.0,0.0,0.0,1.0,0.0,0.0,0.0,0.0,0.0,0.0,0.1136892122996688,0.22608984607572497,0.0,0.0,0.0,0.0,0.0,0.0,0.0,0.0,0.0,0.030846971649395948,0.0,0.00741976598044685,0.0,0.0,0.0,0.0,0.0,0.0,0.0,0.1186349728895372,0.0,0.0,0.0,0.0,0.0,0.0,0.0,0.0,0.0,0.0,0.0,0.0,0.0,0.04030633974756677,0.0,0.0,0.0539927686816888,0.0,0.0,0.0,0.0,0.0,0.0,0.0,0.0,0.0,0.0,0.0,0.0,0.0,0.0,0.0,0.0,0.0,0.0,0.02554429132148317,0.0,0.09468399461141067,0.0,0.0,0.013717337399673143,0.0,0.042968659630793125,0.0,0.0,0.02753896221089155,0.0,0.0,0.0,0.0,0.2574780409572987,0.0,0.035192187357815465,0.0,0.02239272028194115,0.0,0.0,0.0,0.0
공간,0.0,0.0,0.0,0.0,0.0,0.0,0.0,0.0,0.0,0.0,0.0,0.0,0.0,1.0,0.0,0.0,0.0,0.0032265389377338334,0.0,0.0,0.0,0.0,0.0,0.0,0.0,0.0,0.0,0.0,0.0,0.0,0.0,0.0,0.0,0.0,0.0,0.0,0.0,0.0,0.04782077958000618,0.0,0.00857180523433979,0.20626892580777423,0.0,0.0,0.0,0.0,0.0,0.3334519832531372,0.0,0.0,0.0,0.0,0.0,0.0,0.0,0.0,0.0,0.0,0.0,0.0,0.0,0.0,0.0,0.0,0.0,0.0,0.0,0.0,0.0,0.0,0.0,0.0,0.0,0.0,0.22561637725288283,0.0,0.009923091634456517,0.0,0.0,0.0,0.0,0.001843485478471065,0.0,0.0,0.0,0.0,0.0,0.0,0.0,0.0,0.06627609337262672,0.0,0.0,0.0,0.0,0.0,0.0,0.0,0.0,0.0
인식,0.0,0.05036921984726542,0.0,0.0,0.0,0.0,0.0,0.0,0.0,0.0,0.0,0.0,0.0,0.0,1.0,0.0,0.0,0.035733239161416214,0.047396193007267794,0.05355412971832331,0.0,0.0,0.11413048096698888,0.041223810167281646,0.0,0.0,0.0,0.0,0.0,0.0,0.0,0.0,0.03112972061632889,0.0,0.0,0.0,0.0,0.0,0.0,0.0,0.0,0.0,0.0,0.0,0.0,0.0,0.0,0.09861480230108795,0.3400822909728339,0.0,0.0,0.0,0.0,0.0,0.0,0.0,0.0,0.0,0.05848881393430069,0.0,0.0630692812495992,0.0,0.04962597668651339,0.0,0.0,0.0,0.0,0.0,0.0,0.0,0.0,0.0,0.0,0.05991924167372212,0.0,0.0,0.0,0.0,0.0,0.0,0.0,0.04444856727983522,0.0,0.0,0.016339474952517776,0.0,0.013336888652970946,0.0,0.0,0.0,0.0,0.19068543576500782,0.13949533868129307,0.0,0.0,0.12527461462354011,0.07260132795122176,0.0,0.0,0.0
국문,0.0,0.0,0.0,0.05338072447134156,0.12157834605046065,0.04276825081809621,0.03659799445701559,0.07428398271328085,0.03156793033431723,0.0,0.0,0.0,0.0,0.0,0.0,1.0000000000000002,0.0,0.05194068516385697,0.0644375524004586,0.07379580365206394,0.03423567600004425,0.0,0.0,0.0217671919673356,0.019589267960144326,0.0,0.0,0.0,0.05247727588102036,0.0,0.0,0.0,0.007583524034599432,0.0,0.04727419227705913,0.0,0.0,0.032926329088229074,0.03811133716763904,0.0,0.0,0.1142855729234129,0.0,0.0,0.0,0.0730785338239888,0.014639085604243625,0.04599906826844756,0.047806268780035646,0.0,0.0,0.0,0.0,0.0,0.03176952048803835,0.0,0.018025982058006092,0.0,0.0,0.0,0.0,0.053713574214017346,0.0159046730848108,0.0,0.06177151112085879,0.0,0.0,0.0,0.0,0.007414110536619151,0.0,0.0,0.0,0.0,0.0,0.0,0.03696693584976955,0.0,0.007191127538856594,0.05336965094038733,0.020788912431350285,0.013315660871597442,0.022266704224646716,0.06526454540799567,0.0,0.0,0.003542033253567484,0.0,0.0,0.0,0.0,0.13185705032118397,0.08595736554229834,0.0,0.034356632277261885,0.011406064152168464,0.0,0.056289723497998115,0.0,0.06504658059699753
의식,0.0,0.0,0.0,0.11052027100037008,0.06688128492356432,0.0,0.0,0.0,0.0,0.0,0.0,0.0,0.0,0.0,0.0,0.0,0.9999999999999999,0.01679492889942179,0.0,0.012930190757766854,0.0,0.0,0.0,0.08448438895759322,0.0,0.0,0.0,0.0,0.0,0.0,0.0,0.0,0.0,0.0,0.0,0.0,0.0,0.0,0.07938964081650225,0.0,0.0,0.0,0.4518979445637855,0.0,0.0,0.0,0.028148330515888907,0.06318770469462656,0.0,0.0,0.060394713695908216,0.0,0.0,0.0,0.0,0.0,0.017269101835390134,0.0,0.07084554186759748,0.0,0.0,0.031738282755387204,0.0,0.0,0.3392978467243432,0.0,0.0,0.0,0.0,0.0,0.1664740200932271,0.0,0.0,0.071507443604441,0.0,0.09090759236440599,0.0,0.0,0.0,0.0,0.0,0.12938121000205421,0.0,0.0,0.0,0.0,0.0,0.0,0.0,0.0,0.0,0.0,0.0,0.0,0.0,0.0,0.0,0.0,0.0,0.0
부정,0.1164384316726358,0.01437411693043584,0.0,0.015253686253051624,0.19801826210326812,0.0,0.0,0.10180251437564626,0.061312298656664634,0.007297668159249229,0.0,0.0,0.0,0.0032265389377338334,0.035733239161416214,0.05194068516385697,0.01679492889942179,1.0000000000000002,0.01538730014963201,0.057385977910232075,0.08108711348095878,0.0,0.0,0.022707002305772835,0.0,0.010377202444632522,0.0,0.0,0.02256617998463159,0.0,0.0,0.0,0.06948152460546242,0.0068052095580511465,0.02454284624889445,0.0,0.043337870386480896,0.042129736444508493,0.0,0.0,0.0016006033705694843,0.02207000936240215,0.0,0.0,0.0,0.07152242764286233,0.007539875509464877,0.007090103934044603,0.0,0.0,0.0,0.0,0.0,0.0,0.0,0.0,0.062484877114696614,0.013802997310105675,0.10130886214582002,0.04115697309180121,0.020078135973550296,0.03795427831610353,0.0028147598038188435,0.0,0.0,0.0,0.007894809999679842,0.015530919141523157,0.007073155256954335,0.009968615859553035,0.0,0.014160647178814463,0.0,0.0,0.015354521935067525,0.0,0.0018529275318752937,0.0,0.0,0.0,0.05433396896286454,0.00778993337585103,0.020618432713780922,0.08409389407287962,0.22237809486473523,0.0,0.0029631677551190698,0.0,0.03531582485487352,0.0,0.13336405777960814,0.0,0.0392667688766236,0.0,0.0,0.022980941680780992,0.0,0.0,0.0,0.0
자아,0.036132444736730156,0.05066780050226185,0.01503405172699368,0.0,0.0,0.0,0.024889382986425408,0.07377658020114335,0.03654707511992963,0.02123180402243613,0.0,0.12127779006542888,0.0,0.0,0.047396193007267794,0.0644375524004586,0.0,0.01538730014963201,0.9999999999999994,0.04020910360621797,0.0,0.0,0.0,0.09853748799823342,0.021801103287764915,0.0,0.0,0.027081778590451404,0.11680502957745344,0.0,0.03673601309974872,0.0,0.07778630526436886,0.0,0.19049785843106615,0.11639984348075952,0.0,0.0,0.0,0.0,0.0,0.09173096954706592,0.01483961529620787,0.0,0.0,0.042940389916248295,0.061185409307707106,0.05402773670398879,0.0,0.021119520356954937,0.0,0.0,0.0,0.0,0.0,0.0,0.04124489658602993,0.024793710634297444,0.0,0.0,0.04623174266290427,0.0,0.03280400392446513,0.0,0.0,0.041998872878246225,0.04392820025105761,0.014250385555621392,0.0,0.0360783366917691,0.0,0.022988046260385163,0.04528979352247595,0.011723147987789057,0.0,0.0,0.05923346278765642,0.0,0.02282261763284444,0.027144558672183013,0.0,0.03235430955540929,0.08101858987722892,0.02805202833432081,0.0,0.0,0.06448410646479188,0.10528911916128232,0.0,0.0,0.0,0.044769679606202525,0.0,0.0,0.0,0.038344598736072925,0.04218601925451665,0.0,0.0,0.0
죽음,0.2047477048442163,0.029245265121103477,0.05386587170845045,0.027920814039302834,0.06247968078802329,0.07365719349936015,0.07832024429258812,0.0,0.07646686981210277,0.017457764794397257,0.0,0.0,0.1136892122996688,0.0,0.05355412971832331,0.07379580365206394,0.012930190757766854,0.057385977910232075,0.04020910360621797,1.000000000000001,0.3989814163418964,0.07172237009056917,0.05681006281471378,0.09285906389392613,0.0,0.0,0.009438546633957405,0.021885179697490677,0.018983843884140067,0.07722615795156286,0.027424000900443907,0.05672289511499022,0.0657580756293042,0.009750953534407329,0.07783681767969418,0.01452798134913108,0.0,0.0,0.012670340804770966,0.0,0.021721716491602216,0.0509645884824001,0.0,0.06869086404676245,0.02504931602059419,0.11041566989142326,0.0669908456061555,0.07679940071819844,0.0,0.014628248130776747,0.0,0.03413295142690001,0.0,0.03907888079857178,0.049997570510517,0.0,0.04549493912253029,0.0,0.06155267555915582,0.0,0.031525648299017106,0.0,0.06972424685773376,0.03219945784773848,0.0,0.015059067568597463,0.09710291845929594,0.012651032138067031,0.07521231768398011,0.0845485651481169,0.043404079180389674,0.009066568725836558,0.009932908903317704,0.02757568210486326,0.0,0.0,0.005762688083144327,0.03830478733480767,0.008940674091922922,0.02020612631868151,0.017631974191267365,0.09319432241285885,0.0,0.10046337765050685,0.06930501470669513,0.0,0.039824292898764886,0.0926174791687767,0.016560652162529867,0.08682269482316632,0.0,0.08288041805626653,0.13660822951048493,0.01455400351212494,0.01093506768026874,0.124652956281631,0.016535941299779748,0.0,0.0,0.02241031172639736
세계,0.02540926489447163,0.11631811595713404,0.0,0.06171787995544024,0.08283413542638449,0.0,0.0,0.0,0.012866943676787358,0.0590541328745472,0.0,0.0,0.22608984607572497,0.0,0.0,0.03423567600004425,0.0,0.08108711348095878,0.0,0.3989814163418964,0.9999999999999999,0.0,0.0,0.03224264525270218,0.0,0.0,0.0,0.0,0.015462886743434092,0.0,0.0335370967339331,0.09231504315140256,0.008066834315460744,0.0,0.0,0.0,0.0,0.0,0.0,0.0,0.05178950471403309,0.07217365549177815,0.0,0.0,0.0,0.2246689979121065,0.0,0.0,0.0,0.0,0.0,0.0,0.0,0.04070027796814252,0.0,0.0,0.0,0.0,0.0,0.0,0.0,0.0,0.145728267895107,0.0,0.0,0.0,0.0,0.0,0.06352465192968716,0.04874158593505167,0.0,0.0,0.0,0.0,0.0,0.0,0.0,0.0,0.0,0.019886478542781985,0.0,0.017871202806254278,0.0,0.12888896796921082,0.0,0.0,0.01193530519044625,0.014488418083093967,0.0,0.0,0.0,0.0,0.15887711911477392,0.0,0.0,0.15842251159757062,0.0,0.0,0.0,0.0
기억,0.0,0.0,0.0,0.0,0.0,0.0,0.26193812627211,0.0,0.013492486086369765,0.0,0.0,0.13472707353637678,0.0,0.0,0.0,0.0,0.0,0.0,0.0,0.07172237009056917,0.0,1.0,0.0,0.0,0.0,0.0,0.0,0.0,0.0,0.0,0.0,0.0,0.0,0.0,0.0,0.0,0.0,0.0,0.0,0.0,0.0,0.0,0.0,0.35102427950959564,0.0,0.0,0.0,0.0,0.0,0.0,0.0,0.0,0.0,0.0,0.0,0.0,0.0,0.0,0.0,0.0,0.034903959935656474,0.0,0.0,0.0,0.0,0.0,0.0,0.0,0.0,0.0,0.0,0.0,0.0,0.0,0.0,0.0,0.0,0.0,0.0,0.0,0.0,0.0,0.0,0.0,0.0,0.0,0.0,0.0,0.0,0.014108730452301427,0.0,0.06663385004055361,0.0,0.0,0.0,0.0,0.0,0.0,0.0,0.0
현실,0.0,0.0,0.0,0.0,0.0,0.0,0.0,0.0,0.0,0.0,0.0,0.0,0.0,0.0,0.11413048096698888,0.0,0.0,0.0,0.0,0.05681006281471378,0.0,0.0,1.0,0.11683342092932533,0.0,0.0,0.0,0.0,0.0,0.0,0.0,0.0,0.0,0.0,0.0,0.0,0.0,0.0,0.0,0.0,0.0,0.0,0.0,0.0,0.0,0.0,0.0,0.08758038899048608,0.0,0.0,0.0,0.0,0.0,0.0,0.0,0.0,0.0,0.0,0.09972436355550357,0.0,0.0,0.0,0.0,0.0,0.0,0.0,0.0,0.0,0.0,0.0,0.0,0.0,0.0,0.07235134785444969,0.0,0.0,0.0,0.0,0.0,0.0,0.0,0.0,0.0,0.04438753515721251,0.0,0.0,0.0,0.0,0.0,0.0,0.0,0.0,0.0,0.0,0.0,0.0,0.0,0.0,0.0,0.0
소외,0.08358876053621306,0.05398446087070878,0.0385230921854105,0.11893943355723152,0.019419816440584523,0.0,0.018505926732271083,0.0,0.07272668728813055,0.031274678941532734,0.043058426709661965,0.04434262274004501,0.0,0.0,0.041223810167281646,0.0217671919673356,0.08448438895759322,0.022707002305772835,0.09853748799823342,0.09285906389392613,0.03224264525270218,0.0,0.11683342092932533,1.0000000000000002,0.036273515229475146,0.0,0.0,0.0,0.02016750606877768,0.020543125587518123,0.0,0.009180400846114918,0.0600197557817973,0.0,0.19334516478239672,0.03683518721394528,0.0845433405412517,0.05401669573545201,0.03950715382195606,0.0,0.0,0.03577459265825836,0.044630566972156706,0.021759832696852503,0.04010100313373423,0.0,0.04503564512443003,0.07756258815418852,0.0,0.02444304379241579,0.03852649022122509,0.05951478212446745,0.0,0.0,0.0,0.04694855902785056,0.026825369480687304,0.008116571359148068,0.026805860057663004,0.0,0.0,0.08928795440790861,0.011331788685612226,0.0,0.0,0.03817648795732632,0.003318688090350303,0.0,0.0,0.010092509537647235,0.05180750036977841,0.0,0.0,0.043512771068858126,0.0,0.05279230980056246,0.00506734890369609,0.03630945439426346,0.0,0.0,0.0,0.029752751984951052,0.0,0.003586084913412678,0.054509443184952315,0.0,0.03751616789414207,0.003989507791741219,0.023321945553583044,0.0,0.05475401778446598,0.027657158286840344,0.0,0.0,0.04375124370179139,0.004553645819684199,0.02758493303953953,0.03001495184305598,0.0,0.016450650778659686
확장,0.0,0.0,0.14613966622827307,0.0,0.0,0.0,0.0,0.0,0.0,0.0,0.0,0.0,0.0,0.0,0.0,0.019589267960144326,0.0,0.0,0.021801103287764915,0.0,0.0,0.0,0.0,0.036273515229475146,0.9999999999999999,0.03249073922064067,0.0,0.0,0.0,0.0,0.0,0.0,0.0,0.0,0.0,0.0,0.0,0.0,0.0,0.38846871505091013,0.1583738645366335,0.0,0.0,0.0,0.0,0.0,0.0,0.055176805526386874,0.0,0.0,0.10182850967387885,0.0,0.0,0.0,0.0,0.13792240702119468,0.0,0.0,0.0,0.0,0.0,0.03042261560503173,0.0,0.0,0.0,0.0,0.0,0.0,0.0,0.0,0.0,0.0,0.0,0.0,0.0,0.06124476050958648,0.0,0.0,0.01764573864119543,0.0262203194860348,0.0,0.0042992443292349785,0.0,0.0,0.0,0.0,0.00869151502502942,0.0,0.0,0.0,0.03698771176631828,0.0,0.0,0.0,0.0,0.020090059877706887,0.0,0.0,0.0,0.0
지향,0.0,0.05087942393676244,0.0,0.0,0.0,0.0,0.0,0.0,0.03242563813270774,0.0,0.0,0.022057344942550985,0.0,0.0,0.0,0.0,0.0,0.010377202444632522,0.0,0.0,0.0,0.0,0.0,0.0,0.03249073922064067,1.0000000000000002,0.0,0.0,0.0,0.0,0.0,0.0,0.0,0.0,0.0,0.0,0.0,0.013658517857031802,0.022397070234689023,0.0,0.0,0.005771275821496495,0.0,0.0,0.0,0.0,0.0,0.0,0.0,0.0,0.0,0.02857836214575881,0.0,0.0,0.0,0.0,0.0,0.04650498179291185,0.0,0.0,0.0,0.006389083615448332,0.0,0.0,0.0,0.0,0.0,0.10059089989858071,0.0,0.0,0.0,0.0,0.0,0.0,0.0,0.0,0.0,0.0,0.0,0.0,0.0,0.011316610327531205,0.0,0.08004348661043748,0.0,0.0,0.0065674764014332435,0.0,0.0,0.0,0.06382277720986974,0.04350383780389187,0.0,0.0,0.0,0.0,0.0,0.0,0.0,0.0
생명,0.017549579208194395,0.0,0.0,0.0,0.0,0.0,0.0,0.0,0.019982502758062657,0.0,0.0,0.0,0.0,0.0,0.0,0.0,0.0,0.0,0.0,0.009438546633957405,0.0,0.0,0.0,0.0,0.0,0.0,1.0000000000000002,0.0,0.0,0.0,0.0,0.0,0.0,0.0,0.0,0.0,0.0,0.0,0.0,0.0,0.08350557859475823,0.0,0.0,0.0,0.0,0.0,0.0,0.0,0.0,0.0,0.0,0.0,0.0,0.0,0.0,0.0,0.0,0.0,0.0,0.0,0.0,0.22241012309599317,0.02099241000550854,0.0,0.0,0.0,0.0,0.029850834164152695,0.0,0.0,0.0,0.0,0.0,0.0,0.0,0.0,0.0,0.0,0.0,0.03505173480659724,0.0,0.0,0.0,0.0,0.0,0.0,0.0,0.0,0.012296923254923979,0.0,0.0,0.0,0.0,0.0,0.0,0.008302352250688592,0.0,0.0,0.0,0.0
의미,0.0,0.0,0.04036414846574679,0.0,0.0,0.0,0.0,0.0,0.007433856659733094,0.0,0.0,0.0,0.0,0.0,0.0,0.0,0.0,0.0,0.027081778590451404,0.021885179697490677,0.0,0.0,0.0,0.0,0.0,0.0,0.0,1.0000000000000002,0.0,0.0,0.0,0.0,0.0,0.0,0.0,0.0,0.0,0.0,0.0,0.0,0.0,0.0,0.0,0.0,0.0,0.004951592452576857,0.0,0.0044398663203011465,0.0,0.0,0.0,0.0,0.0,0.0,0.0,0.0,0.0409856379952776,0.0,0.0,0.0,0.0,0.0,0.0,0.0,0.0,0.0,0.0,0.0,0.0,0.0,0.0,0.0,0.0,0.031474874136252676,0.4335026986103197,0.0,0.0,0.0,0.0,0.0,0.0,0.017539928177287934,0.0,0.0,0.0,0.0,0.012581715028453833,0.0,0.020602580136370636,0.0,0.0,0.009675890238079979,0.0,0.0,0.0,0.014060710875876528,0.0,0.0,0.0,0.0
구조,0.0,0.0,0.0,0.0,0.0,0.0,0.0,0.0,0.007170592174581224,0.0,0.0,0.0,0.0,0.0,0.0,0.05247727588102036,0.0,0.02256617998463159,0.11680502957745344,0.018983843884140067,0.015462886743434092,0.0,0.0,0.02016750606877768,0.0,0.0,0.0,0.0,1.0000000000000002,0.0,0.0,0.0,0.0,0.0,0.0,0.0303622480338409,0.0,0.17953526230039016,0.0,0.0,0.0,0.0,0.0,0.0,0.0,0.06176511225708834,0.016041227809819866,0.0,0.0,0.0,0.0,0.48236461441547557,0.0,0.0,0.0,0.0,0.016523356210613217,0.0,0.0,0.0,0.11974274578254515,0.0,0.04752242241712913,0.0,0.0,0.0,0.0,0.0,0.014182825840392481,0.0,0.0,0.0,0.0,0.0,0.0,0.0,0.0,0.05745642983898873,0.0,0.03904451535783791,0.0,0.029981852785755023,0.07128915268331606,0.011349310512179134,0.0,0.0,0.08073874091927115,0.0,0.0,0.0,0.0,0.0,0.0,0.0,0.01687457193820299,0.00515166337516153,0.0,0.0,0.0,0.0
윤리,0.02160385239971124,0.03402795856107157,0.0,0.0,0.0,0.0,0.0,0.0,0.0059481541912936526,0.03658051584735143,0.0,0.0,0.0,0.0,0.0,0.0,0.0,0.0,0.0,0.07722615795156286,0.0,0.0,0.0,0.020543125587518123,0.0,0.0,0.0,0.0,0.0,1.0000000000000002,0.0,0.14495343395558022,0.015189807760315352,0.0,0.0,0.0,0.10532607393755009,0.0,0.0,0.0,0.0,0.05311862234821778,0.0,0.0,0.0,0.0,0.07730986434508014,0.0,0.0,0.0,0.0,0.05171404115886679,0.0,0.0,0.0,0.0,0.0,0.0,0.0,0.0,0.1744904504824925,0.0,0.0,0.0,0.0,0.0,0.0,0.0,0.0,0.0,0.0,0.0,0.0,0.0,0.0,0.0,0.0,0.0,0.0,0.0,0.0,0.0,0.0,0.0,0.0,0.0,0.0,0.0,0.0,0.0,0.0,0.0,0.0,0.0,0.030707275077706406,0.0,0.0,0.0,0.0,0.0
1960년대,0.0,0.0,0.0,0.0,0.0,0.0,0.0,0.0,0.015705827131423107,0.0,0.0,0.0,0.030846971649395948,0.0,0.0,0.0,0.0,0.0,0.03673601309974872,0.027424000900443907,0.0335370967339331,0.0,0.0,0.0,0.0,0.0,0.0,0.0,0.0,0.0,0.9999999999999999,0.0,0.01695513792786673,0.0,0.0,0.0,0.0,0.0,0.0,0.27058545557810554,0.0,0.0,0.0,0.0,0.0,0.0,0.10083968495013003,0.0,0.0,0.23805031686132555,0.0,0.0,0.0,0.05561738471582439,0.0,0.0,0.0,0.056269455205181305,0.0,0.0,0.0,0.0,0.0,0.0,0.0,0.0,0.0,0.0,0.0,0.0,0.0,0.0,0.0,0.0,0.0,0.0,0.0,0.0,0.0,0.01350006805575477,0.05928768697290753,0.008615423603634403,0.0,0.0,0.0,0.0,0.04059721033181406,0.0,0.0,0.0,0.03996822905942759,0.06671960832210505,0.0,0.1582039983501228,0.0,0.02516622401528728,0.0,0.0,0.08141624459463238,0.0
소설,0.020737459784404118,0.0,0.0,0.0,0.0,0.05257159915069097,0.0,0.0,0.0,0.0,0.0,0.0,0.0,0.0,0.0,0.0,0.0,0.0,0.0,0.05672289511499022,0.09231504315140256,0.0,0.0,0.009180400846114918,0.0,0.0,0.0,0.0,0.0,0.14495343395558022,0.0,0.9999999999999998,0.07265627388846449,0.0,0.0,0.0,0.0,0.0,0.0,0.0,0.0,0.0,0.0,0.0,0.11352654883221323,0.176354856809201,0.0,0.0187086378079305,0.0,0.035221554902257556,0.0,0.0,0.0,0.0,0.022487640923535866,0.0,0.0,0.0,0.0,0.0,0.0,0.0,0.0,0.0,0.0,0.0,0.0,0.0,0.0,0.0,0.10694338455067479,0.0,0.0,0.0,0.0,0.0,0.0953125597014894,0.08716544162182384,0.0,0.0,0.0,0.0,0.0,0.0,0.0,0.0,0.03190014722597777,0.0,0.0,0.016025913728986717,0.0,0.0,0.0,0.0,0.24855276964272016,0.0,0.0,0.0,0.0,0.0
구성,0.1921465465923804,0.10350881932566998,0.0058865143841808475,0.008981742904836944,0.0,0.0,0.0,0.08599595118429634,0.02418166600016616,0.0,0.1339544504243759,0.03699245717632499,0.00741976598044685,0.0,0.03112972061632889,0.007583524034599432,0.0,0.06948152460546242,0.07778630526436886,0.0657580756293042,0.008066834315460744,0.0,0.0,0.0600197557817973,0.0,0.0,0.0,0.0,0.0,0.015189807760315352,0.01695513792786673,0.07265627388846449,0.9999999999999999,0.31570668493356757,0.25367199669103746,0.09113796968182751,0.0,0.0,0.0,0.0,0.0,0.0,0.0,0.0,0.0,0.0,0.023884900533245986,0.05018428902249687,0.01831855942494219,0.09521451819478294,0.10430380354209919,0.0,0.026239826182168777,0.013377908980053133,0.019300998679963044,0.01455338543488506,0.050232227210507824,0.024512195004766417,0.0,0.0,0.037559075410263446,0.012254247528093608,0.0,0.0,0.0,0.04910555324911617,0.0,0.0,0.0,0.07665756263182474,0.0,0.0,0.0,0.009483158904802367,0.0377756505307299,0.0,0.03295316464582122,0.046249135074878156,0.016008455181057736,0.003247234342233008,0.01262992847331246,0.002888131416709895,0.0,0.0018107130063378916,0.03724058987544062,0.0,0.11164879868340355,0.0,0.0,0.0,0.013935784235903787,0.03276891071468219,0.0,0.0,0.057874567591830336,0.03548864123022891,0.17528660929368797,0.0,0.0,0.0
방식,0.17752130891041273,0.0,0.0,0.0,0.0,0.0,0.0,0.0,0.0070880780481366885,0.0,0.199642565670225,0.0,0.0,0.0,0.0,0.0,0.0,0.0068052095580511465,0.0,0.009750953534407329,0.0,0.0,0.0,0.0,0.0,0.0,0.0,0.0,0.0,0.0,0.0,0.0,0.31570668493356757,1.0,0.0,0.0,0.0,0.0,0.0,0.0,0.0,0.0,0.0,0.0,0.0,0.0,0.0,0.0,0.0,0.0,0.0,0.0,0.0,0.0,0.0,0.0,0.0,0.0,0.0,0.0,0.0,0.0,0.0,0.0,0.0,0.0,0.0,0.0,0.014019619865733449,0.0,0.0,0.01040233210438773,0.0,0.0542797331319253,0.0,0.0,0.0,0.0,0.0,0.41129681814152,0.0,0.0,0.0,0.0,0.0,0.0,0.0,0.0,0.0,0.0,0.0,0.0,0.0,0.0,0.022476788117323305,0.03126797001562474,0.0,0.0,0.0,0.0
사회,0.0,0.10955924011175523,0.0,0.0,0.0,0.0,0.0,0.0,0.03298078473689328,0.0,0.0,0.0,0.0,0.0,0.0,0.04727419227705913,0.0,0.02454284624889445,0.19049785843106615,0.07783681767969418,0.0,0.0,0.0,0.19334516478239672,0.0,0.0,0.0,0.0,0.0,0.0,0.0,0.0,0.25367199669103746,0.0,0.9999999999999998,0.0,0.0,0.041805421058196866,0.0,0.0,0.0,0.0,0.0,0.0,0.0,0.0,0.0,0.0,0.0,0.0,0.0,0.0,0.0,0.0,0.0,0.0,0.010353231791813142,0.03861546143255809,0.0,0.0,0.0,0.04637993995295945,0.0,0.0,0.0,0.09725427856375031,0.0,0.0,0.0,0.0,0.0,0.0,0.0,0.0,0.0,0.0,0.0,0.0,0.0,0.0,0.0,0.0,0.0,0.0,0.0,0.0,0.037157449057992474,0.0,0.0,0.0,0.0,0.1426433319495983,0.0,0.0,0.0,0.0,0.23143849117920845,0.0,0.0,0.0
여성,0.0,0.0,0.0,0.0,0.0,0.0,0.048760252085788866,0.0,0.049062230000417456,0.0,0.0,0.0,0.0,0.0,0.0,0.0,0.0,0.0,0.11639984348075952,0.01452798134913108,0.0,0.0,0.0,0.03683518721394528,0.0,0.0,0.0,0.0,0.0303622480338409,0.0,0.0,0.0,0.09113796968182751,0.0,0.0,0.9999999999999999,0.04935992598313836,0.0,0.0,0.0,0.0,0.09420225683468994,0.0,0.0,0.0,0.07639091989069212,0.01931411782890104,0.02257491352676137,0.029058084866682217,0.02174368314415222,0.0,0.0,0.0,0.0,0.0,0.0,0.08067876205008677,0.0,0.02589862430945062,0.0,0.0,0.02057751134504436,0.026329124503389395,0.0,0.0,0.0,0.0,0.0,0.0,0.04966498623747974,0.0,0.0,0.0,0.04512840172652114,0.0,0.12184077667068507,0.0,0.11402453513785196,0.0,0.0,0.0,0.03316116814868702,0.0,0.05140633618431147,0.018216287801298543,0.17808656825187855,0.0,0.0,0.052377868099325084,0.0,0.0,0.0,0.0,0.0,0.11612977919398018,0.01494197866541377,0.0,0.0,0.0,0.0
모색,0.0,0.0,0.0,0.0,0.0,0.0,0.0,0.0,0.021807079024004025,0.0,0.0,0.19540246413700837,0.0,0.0,0.0,0.0,0.0,0.043337870386480896,0.0,0.0,0.0,0.0,0.0,0.0845433405412517,0.0,0.0,0.0,0.0,0.0,0.10532607393755009,0.0,0.0,0.0,0.0,0.0,0.04935992598313836,0.9999999999999999,0.0,0.0,0.0,0.0,0.07921129591810823,0.0,0.0,0.0,0.0,0.04940313492024603,0.0,0.0,0.026033296866734956,0.0,0.0,0.0,0.0,0.0,0.0,0.044561432889355226,0.0,0.0,0.20081614417819216,0.17914680751625514,0.0,0.0,0.0,0.0,0.0,0.0,0.0,0.0,0.0,0.0,0.0,0.0,0.06339342832871513,0.0,0.0,0.0,0.0,0.0,0.0,0.0,0.012792105563897036,0.0,0.0,0.0,0.0,0.007837233016329522,0.0,0.1723155821009792,0.0,0.0,0.0,0.0,0.0,0.0,0.010877288386197573,0.0,0.0,0.0,0.0
감각,0.0,0.0,0.0,0.0,0.0,0.0,0.013339574495815104,0.0,0.0,0.11410812794180891,0.0,0.04127463231120819,0.0,0.0,0.0,0.032926329088229074,0.0,0.042129736444508493,0.0,0.0,0.0,0.0,0.0,0.05401669573545201,0.0,0.013658517857031802,0.0,0.0,0.17953526230039016,0.0,0.0,0.0,0.0,0.0,0.041805421058196866,0.0,0.0,1.0,0.0,0.0,0.0,0.02305752175446668,0.0,0.0,0.0,0.0,0.0,0.0,0.0,0.0,0.0,0.0,0.0,0.04818421460976356,0.0,0.0,0.015465962934846809,0.02961394950943976,0.0,0.0332747309334748,0.1380460624272171,0.011955522195442268,0.0,0.0,0.11399887183993994,0.0,0.0,0.0,0.0,0.04478913876868502,0.0,0.0,0.0,0.0,0.0,0.0,0.0,0.0,0.0,0.0,0.0,0.03288696739738611,0.0,0.022334204164433134,0.0,0.0,0.012289338285623416,0.0,0.0,0.0,0.0,0.017552075539798054,0.0,0.0,0.0,0.0,0.0,0.0,0.0,0.0
언어,0.0,0.0,0.0,0.0,0.0,0.0,0.0,0.0,0.06952505342877224,0.0,0.0,0.0,0.0,0.04782077958000618,0.0,0.03811133716763904,0.07938964081650225,0.0,0.0,0.012670340804770966,0.0,0.0,0.0,0.03950715382195606,0.0,0.022397070234689023,0.0,0.0,0.0,0.0,0.0,0.0,0.0,0.0,0.0,0.0,0.0,0.0,0.9999999999999999,0.0,0.0,0.1118483276721679,0.07005045954679169,0.016874501318293652,0.0,0.03562835165556029,0.0,0.045907601368471634,0.0,0.0,0.0,0.0890996170010045,0.0,0.0,0.0,0.0,0.18820018871754618,0.0,0.025753071961190643,0.057831534435320575,0.08027711189294182,0.0027193642905391944,0.0,0.0,0.08258957407507146,0.0,0.0,0.0,0.028487909570133346,0.07052545402730365,0.0,0.0,0.0,0.0,0.0,0.0,0.0,0.0,0.0,0.0,0.0,0.045965323340027786,0.0,0.0,0.0,0.0,0.012736634823540649,0.0,0.0,0.005434130988094023,0.16038517944648137,0.0,0.0,0.0,0.006748755416176421,0.0019397922831302715,0.08440968009032074,0.0,0.0,0.2819020691851183
형성,0.0,0.0,0.0,0.0,0.0,0.0,0.0,0.0,0.0,0.0,0.0,0.0,0.0,0.0,0.0,0.0,0.0,0.0,0.0,0.0,0.0,0.0,0.0,0.0,0.38846871505091013,0.0,0.0,0.0,0.0,0.0,0.27058545557810554,0.0,0.0,0.0,0.0,0.0,0.0,0.0,0.0,0.9999999999999998,0.0,0.04648059084076311,0.0,0.0,0.0,0.0,0.0,0.0,0.0,0.15789075117844334,0.0,0.0,0.0,0.0,0.0,0.0,0.0,0.0,0.0,0.0,0.0,0.0,0.0,0.0,0.0,0.0,0.0,0.0,0.0,0.0,0.0,0.0,0.0,0.0,0.0,0.0,0.0,0.0,0.0,0.0,0.0,0.015962328126139978,0.0,0.08086269645896287,0.0,0.0,0.0,0.0,0.10826550624589822,0.0,0.0,0.0,0.0,0.0,0.0,0.01677845198126121,0.0,0.0,0.0,0.0
근대,0.0,0.0,0.0,0.0,0.0,0.0,0.0,0.0,0.06076805726783134,0.0,0.0,0.0,0.1186349728895372,0.00857180523433979,0.0,0.0,0.0,0.0016006033705694843,0.0,0.021721716491602216,0.05178950471403309,0.0,0.0,0.0,0.1583738645366335,0.0,0.08350557859475823,0.0,0.0,0.0,0.0,0.0,0.0,0.0,0.0,0.0,0.0,0.0,0.0,0.0,0.9999999999999997,0.014599592152742523,0.0,0.04258230118397835,0.0,0.0,0.0,0.017258934635770787,0.09584454945391167,0.04076002885196416,0.0,0.0,0.0,0.0,0.0,0.0,0.010355481616118158,0.0,0.0,0.0,0.0,0.03432440184459688,0.1409447415808306,0.0,0.06654308189969019,0.0,0.05392995060574521,0.021452939797353486,0.0,0.0,0.1149769560259208,0.0,0.0,0.0,0.0,0.12116119123870454,0.04454503399991528,0.0,0.0,0.0,0.0,0.04568662961821815,0.0,0.07602398957246581,0.0,0.0,0.01975760055533633,0.0,0.11594882306832137,0.0,0.07930621829377646,0.07465444059522272,0.0,0.013518316340177874,0.0,0.15365062980494337,0.0,0.0,0.03196691563970373,0.0
정체성,0.0,0.04907379938725717,0.004352091933493938,0.0,0.0,0.033367581717966416,0.005636509360868478,0.0,0.05709408387041251,0.02491452553050243,0.0,0.017440200319846402,0.0,0.20626892580777423,0.0,0.1142855729234129,0.0,0.02207000936240215,0.09173096954706592,0.0509645884824001,0.07217365549177815,0.0,0.0,0.03577459265825836,0.0,0.005771275821496495,0.0,0.0,0.0,0.05311862234821778,0.0,0.0,0.0,0.0,0.0,0.09420225683468994,0.07921129591810823,0.02305752175446668,0.1118483276721679,0.04648059084076311,0.014599592152742523,1.0000000000000004,0.0,0.027361018353258524,0.0,0.06859087404140933,0.0,0.062097635984498266,0.018198655462836937,0.0,0.0,0.0059860160993505974,0.0,0.020359778100810605,0.12340899262785494,0.0,0.07960717841208145,0.0,0.0,0.014059918661254892,0.0,0.005051691325673244,0.0,0.0,0.0,0.0,0.005116328405009962,0.0,0.05484426099524943,0.010462165609844297,0.0,0.0,0.0,0.0,0.07191517937600303,0.021055307894062358,0.05278042625609928,0.14514847747896012,0.0,0.010708517393010042,0.037359283994858127,0.004266537167340867,0.0,0.05729550606708767,0.0,0.034360609229789604,0.005192742115389576,0.0,0.050395449125596146,0.005230831301603403,0.03943751878789259,0.0,0.0,0.0,0.0,0.006906752395073141,0.0,0.0,0.0,0.012243183256723418
발견,0.0,0.0,0.0,0.1869546425672361,0.0,0.0,0.0,0.0,0.025984202716871393,0.0,0.0,0.0,0.0,0.0,0.0,0.0,0.4518979445637855,0.0,0.01483961529620787,0.0,0.0,0.0,0.0,0.044630566972156706,0.0,0.0,0.0,0.0,0.0,0.0,0.0,0.0,0.0,0.0,0.0,0.0,0.0,0.0,0.07005045954679169,0.0,0.0,0.0,1.0000000000000002,0.0,0.0,0.0,0.0,0.06907503744531053,0.0,0.0,0.0,0.0,0.0,0.0,0.0,0.0,0.04144550608095174,0.0,0.0,0.0,0.0,0.0,0.0,0.0,0.2993837715075873,0.0,0.09100592132290292,0.029522481214437853,0.0,0.0,0.0,0.0,0.0,0.0,0.0,0.0,0.0,0.0,0.0,0.0,0.0,0.16652637721788408,0.0,0.0,0.0,0.0,0.0,0.0,0.0,0.0,0.0,0.0,0.0,0.0,0.0,0.0,0.0,0.0,0.0,0.0
체험,0.0,0.0,0.0,0.0,0.0,0.0,0.19131666434942218,0.0,0.020468970577883987,0.0,0.0,0.0,0.0,0.0,0.0,0.0,0.0,0.0,0.0,0.06869086404676245,0.0,0.35102427950959564,0.0,0.021759832696852503,0.0,0.0,0.0,0.0,0.0,0.0,0.0,0.0,0.0,0.0,0.0,0.0,0.0,0.0,0.016874501318293652,0.0,0.04258230118397835,0.027361018353258524,0.0,1.0,0.0,0.0,0.0,0.0,0.0,0.0,0.0,0.0,0.0,0.0,0.0,0.0,0.0,0.0,0.0,0.0,0.0,0.0,0.0,0.0,0.0,0.0,0.0,0.0,0.0,0.0634395705110355,0.1267412063408236,0.0,0.0,0.0,0.0,0.0,0.0,0.0,0.0,0.0,0.0,0.0,0.0,0.0,0.0,0.0,0.0,0.0,0.0,0.0,0.0,0.022411259937308272,0.0,0.0,0.0,0.0,0.0,0.0,0.0,0.0
재현,0.0,0.0,0.0,0.0,0.0,0.0,0.0,0.0,0.0,0.0,0.0,0.0,0.0,0.0,0.0,0.0,0.0,0.0,0.0,0.02504931602059419,0.0,0.0,0.0,0.04010100313373423,0.0,0.0,0.0,0.0,0.0,0.0,0.0,0.11352654883221323,0.0,0.0,0.0,0.0,0.0,0.0,0.0,0.0,0.0,0.0,0.0,0.0,1.0000000000000002,0.0,0.0,0.03339832428381724,0.0,0.0,0.0,0.0,0.0,0.0,0.0,0.0,0.028334175594225512,0.0,0.0,0.0,0.0,0.0,0.0,0.0,0.0,0.0,0.0,0.0,0.0,0.0,0.0,0.0,0.0,0.0,0.0,0.0,0.06964817806431915,0.0,0.0,0.0,0.0,0.0,0.0,0.040917029558276224,0.0,0.0,0.0,0.02903181100101912,0.07749013177846831,0.030012484255562143,0.2031788075365513,0.0,0.0,0.0,0.0,0.0,0.0,0.0,0.0,0.0
민중,0.0,0.0,0.0,0.0,0.09034858681613678,0.0,0.0,0.08743133964483885,0.09117452972007295,0.050143627034697894,0.0,0.0,0.0,0.0,0.0,0.0730785338239888,0.0,0.07152242764286233,0.042940389916248295,0.11041566989142326,0.2246689979121065,0.0,0.0,0.0,0.0,0.0,0.0,0.004951592452576857,0.06176511225708834,0.0,0.0,0.176354856809201,0.0,0.0,0.0,0.07639091989069212,0.0,0.0,0.03562835165556029,0.0,0.0,0.06859087404140933,0.0,0.0,0.0,1.0,0.0,0.0,0.0,0.05791315968536479,0.0,0.0,0.0,0.21917429811546998,0.0,0.0,0.0,0.0,0.0509780109060074,0.0,0.0,0.0,0.06344887626299865,0.0,0.0,0.0,0.0,0.0,0.04138972702125173,0.020969582193537006,0.0,0.0,0.0,0.0,0.0,0.13383812248864974,0.0,0.0,0.0,0.014353720208980894,0.0,0.011389206999540822,0.17396205414853497,0.1455039177769659,0.0,0.10874976587944833,0.014047477607387662,0.0,0.0,0.0,0.0,0.08529459969049476,0.0,0.0,0.042092740167300545,0.0,0.0,0.0,0.0,0.0
공동체,0.0,0.0,0.0,0.019527763489282392,0.03909623917080069,0.04355118316630971,0.05175072173667032,0.0,0.04314552038358354,0.0057193566996222335,0.10220607044492384,0.0,0.0,0.0,0.0,0.014639085604243625,0.028148330515888907,0.007539875509464877,0.061185409307707106,0.0669908456061555,0.0,0.0,0.0,0.04503564512443003,0.0,0.0,0.0,0.0,0.016041227809819866,0.07730986434508014,0.10083968495013003,0.0,0.023884900533245986,0.0,0.0,0.01931411782890104,0.04940313492024603,0.0,0.0,0.0,0.0,0.0,0.0,0.0,0.0,0.0,0.9999999999999998,0.006698309062412568,0.0,0.12621962783118462,0.0,0.01952120160769918,0.0,0.07830281380222952,0.0,0.0,0.022412425474002334,0.06805828281687826,0.0,0.06518201235048823,0.08184464629899978,0.08567780840341822,0.011406655723063411,0.0,0.0,0.0,0.0,0.0,0.0,0.0,0.0,0.035762934189612273,0.0,0.12782563673570335,0.03165857078622088,0.0,0.027616998805117993,0.036549344261378514,0.006779892520672124,0.0,0.0,0.05054555909487127,0.0,0.0,0.0,0.23498740396883644,0.0,0.0,0.0,0.014988335480093111,0.0,0.057370822624560995,0.0,0.0,0.01553537634687564,0.0,0.0,0.0,0.0,0.0
사상,0.009130002475903405,0.0,0.09324651042391419,0.06424928664624976,0.014059868639700638,0.0,0.0,0.0,0.08531998792799941,0.07425794052910085,0.014637111685964693,0.04766739197575311,0.0,0.3334519832531372,0.09861480230108795,0.04599906826844756,0.06318770469462656,0.007090103934044603,0.05402773670398879,0.07679940071819844,0.0,0.0,0.08758038899048608,0.07756258815418852,0.055176805526386874,0.0,0.0,0.0044398663203011465,0.0,0.0,0.0,0.0187086378079305,0.05018428902249687,0.0,0.0,0.02257491352676137,0.0,0.0,0.045907601368471634,0.0,0.017258934635770787,0.062097635984498266,0.06907503744531053,0.0,0.03339832428381724,0.0,0.006698309062412568,0.9999999999999997,0.03742503208515649,0.006020270773226271,0.042261080290989336,0.04299083602581325,0.0,0.0,0.0,0.07481307667788291,0.03996712889925147,0.0,0.11136439796846774,0.0,0.04197633005573721,0.019411586302011827,0.08081132985601656,0.0,0.0,0.0,0.0,0.0,0.0,0.0,0.041897433693468225,0.0,0.0,0.04598027143438909,0.0034034535720530125,0.0,0.04166622830352701,0.014898818694616798,0.0,0.016730250980961175,0.1307653699709806,0.046287655048481695,0.0201196701994119,0.0,0.0,0.0,0.006984014689682067,0.0,0.09554963521541532,0.006318597058839494,0.08158181024863544,0.002326836188499281,0.0,0.0,0.05167782249470348,0.0620831024128264,0.0,0.0,0.020620567518531696,0.0
